1 -1.00
2 -1.00
3 -1.00
4 -1.00
5 -1.00
6 -1.00
7 -1.00
8 -1.00
9 -1.00
10 -1.00
11 -1.00
12 -1.00
13 -1.00
14 -1.00
15 -1.00
16 -1.00
17 -1.00
18 -1.00
19 -1.00
20 -1.00
21 -1.00
22 -1.00
23 -1.00
24 -1.00
25 -1.00
26 -1.00
27 -1.00
28 -1.00
29 -1.00
30 -1.00
31 -1.00
32 -1.00
33 -1.00
34 -1.00
35 -1.00
36 -1.00
37 -1.00
38 -1.00
39 -1.00
40 -1.00
41 -1.00
42 -1.00
43 -1.00
44 -1.00
45 -1.00
46 -1.00
47 -1.00
48 -1.00
49 -1.00
50 -1.00
51 -1.00
52 -1.00
53 -1.00
54 -1.00
55 -1.00
56 -1.00
57 -1.00
58 -1.00
59 -1.00
60 -1.00
61 -1.00
62 -1.00
63 -1.00
64 -1.00
65 -1.00
66 -1.00
67 -1.00
68 -1.00
69 -1.00
70 -1.00
71 -1.00
72 -1.00
73 -1.00
74 -1.00
75 -1.00
76 -1.00
77 -1.00
78 -1.00
79 -1.00
80 -1.00
81 -1.00
82 -1.00
83 -1.00
84 -1.00
85 -1.00
86 -1.00
87 -1.00
88 -1.00
89 -1.00
90 -1.00
91 -1.00
92 -1.00
93 -1.00
94 -1.00
95 -1.00
96 -1.00
97 -1.00
98 -1.00
99 -1.00
100 -1.00
101 -1.00
102 -1.00
103 -1.00
104 -1.00
105 -1.00
106 -1.00
107 -1.00
108 -1.00
109 -1.00
110 -1.00
111 -1.00
112 -1.00
113 -1.00
114 -1.00
115 -1.00
116 -1.00
117 -1.00
118 -1.00
119 -1.00
120 -1.00
121 -1.00
122 -1.00
123 -1.00
124 -1.00
125 -1.00
126 -1.00
127 -1.00
128 -1.00
129 -1.00
130 -1.00
131 -1.00
132 -1.00
133 -1.00
134 -1.00
135 -1.00
136 -1.00
137 -1.00
138 -1.00
139 -1.00
140 -1.00
141 -1.00
142 -1.00
143 -1.00
144 -1.00
145 -1.00
146 -1.00
147 -1.00
148 -1.00
149 -1.00
150 -1.00
151 -1.00
152 -1.00
153 -1.00
154 -1.00
155 -1.00
156 -1.00
157 -1.00
158 -1.00
159 -1.00
160 -1.00
161 -1.00
162 -1.00
163 -1.00
164 -1.00
165 -1.00
166 -1.00
167 -1.00
168 -1.00
169 -1.00
170 -1.00
171 -1.00
172 -1.00
173 -1.00
174 -1.00
175 -1.00
176 -1.00
177 -1.00
178 -1.00
179 -1.00
180 -1.00
181 -1.00
182 -1.00
183 -1.00
184 -1.00
185 -1.00
186 -1.00
187 -1.00
188 -1.00
189 -1.00
190 -1.00
191 -1.00
192 -1.00
193 -1.00
194 -1.00
195 -1.00
196 -1.00
197 -1.00
198 -1.00
199 -1.00
200 -1.00
201 -1.00
202 -1.00
203 -1.00
204 -1.00
205 -1.00
206 -1.00
207 -1.00
208 -1.00
209 -1.00
210 -1.00
211 -1.00
212 -1.00
213 -1.00
214 -1.00
215 -1.00
216 -1.00
217 -1.00
218 -1.00
219 -1.00
220 -1.00
221 -1.00
222 -1.00
223 -1.00
224 -1.00
225 -1.00
226 -1.00
227 -1.00
228 -1.00
229 -1.00
230 -1.00
231 -1.00
232 -1.00
233 -1.00
234 -1.00
235 -1.00
236 -1.00
237 -1.00
238 -1.00
239 -1.00
240 -1.00
241 -1.00
242 -1.00
243 -1.00
244 -1.00
245 -1.00
246 -1.00
247 -1.00
248 -1.00
249 -1.00
250 -1.00
251 -1.00
252 -1.00
253 -1.00
254 -1.00
255 -1.00
256 -1.00
257 -1.00
258 -1.00
259 -1.00
260 -1.00
261 -1.00
262 -1.00
263 -1.00
264 -1.00
265 -1.00
266 -1.00
267 -1.00
268 -1.00
269 -1.00
270 -1.00
271 -1.00
272 -1.00
273 -1.00
274 -1.00
275 -1.00
276 -1.00
277 -1.00
278 -1.00
279 -1.00
280 -1.00
281 -1.00
282 -1.00
283 -1.00
284 -1.00
285 -1.00
286 -1.00
287 -1.00
288 -1.00
289 -1.00
290 -1.00
291 -1.00
292 -1.00
293 -1.00
294 -1.00
295 -1.00
296 -1.00
297 -1.00
298 -1.00
299 -1.00
300 -1.00
301 -1.00
302 -1.00
303 -1.00
304 -1.00
305 -1.00
306 -1.00
307 -1.00
308 -1.00
309 -1.00
310 -1.00
311 -1.00
312 -1.00
313 -1.00
314 -1.00
315 -1.00
316 -1.00
317 -1.00
318 -1.00
319 -1.00
320 -1.00
321 -1.00
322 -1.00
323 -1.00
324 -1.00
325 -1.00
326 -1.00
327 -1.00
328 -1.00
329 -1.00
330 -1.00
331 -1.00
332 -1.00
333 -1.00
334 -1.00
335 -1.00
336 -1.00
337 -1.00
338 -1.00
339 -1.00
340 -1.00
341 -1.00
342 -1.00
343 -1.00
344 -1.00
345 -1.00
346 -1.00
347 -1.00
348 -1.00
349 -1.00
350 -1.00
351 -1.00
352 -1.00
353 -1.00
354 -1.00
355 -1.00
356 -1.00
357 -1.00
358 -1.00
359 -1.00
360 -1.00
361 -1.00
362 -1.00
363 -1.00
364 -1.00
365 -1.00
366 -1.00
367 -1.00
368 -1.00
369 -1.00
370 -1.00
371 -1.00
372 -1.00
373 -1.00
374 -1.00
375 -1.00
376 -1.00
377 -1.00
378 -1.00
379 -1.00
380 -1.00
381 -1.00
382 -1.00
383 -1.00
384 -1.00
385 -1.00
386 -1.00
387 -1.00
388 -1.00
389 -1.00
390 -1.00
391 -1.00
392 -1.00
393 -1.00
394 -1.00
395 -1.00
396 -1.00
397 -1.00
398 -1.00
399 -1.00
400 -1.00
401 -1.00
402 -1.00
403 -1.00
404 -1.00
405 -1.00
406 -1.00
407 -1.00
408 -1.00
409 -1.00
410 -1.00
411 -1.00
412 -1.00
413 -1.00
414 -1.00
415 -1.00
416 -1.00
417 -1.00
418 -1.00
419 -1.00
420 -1.00
421 -1.00
422 -1.00
423 -1.00
424 -1.00
425 -1.00
426 -1.00
427 -1.00
428 -1.00
429 -1.00
430 -1.00
431 -1.00
432 -1.00
433 -1.00
434 -1.00
435 -1.00
436 -1.00
437 -1.00
438 -1.00
439 -1.00
440 -1.00
441 -1.00
442 -1.00
443 -1.00
444 -1.00
445 -1.00
446 -1.00
447 -1.00
448 -1.00
449 -1.00
450 -1.00
451 -1.00
452 -1.00
453 -1.00
454 -1.00
455 -1.00
456 -1.00
457 -1.00
458 -1.00
459 -1.00
460 -1.00
461 -1.00
462 -1.00
463 -1.00
464 -1.00
465 -1.00
466 -1.00
467 -1.00
468 -1.00
469 -1.00
470 -1.00
471 -1.00
472 -1.00
473 -1.00
474 -1.00
475 -1.00
476 -1.00
477 -1.00
478 -1.00
479 -1.00
480 -1.00
481 -1.00
482 -1.00
483 -1.00
484 -1.00
485 -1.00
486 -1.00
487 -1.00
488 -1.00
489 -1.00
490 -1.00
491 -1.00
492 -1.00
493 -1.00
494 -1.00
495 -1.00
496 -1.00
497 -1.00
498 -1.00
499 -1.00
500 -1.00
501 -1.00
502 -1.00
503 -1.00
504 -1.00
505 -1.00
506 -1.00
507 -1.00
508 -1.00
509 -1.00
510 -1.00
511 -1.00
512 -1.00
513 -1.00
514 -1.00
515 -1.00
516 -1.00
517 -1.00
518 -1.00
519 -1.00
520 -1.00
521 -1.00
522 -1.00
523 -1.00
524 -1.00
525 -1.00
526 -1.00
527 -1.00
528 -1.00
529 -1.00
530 -1.00
531 -1.00
532 -1.00
533 -1.00
534 -1.00
535 -1.00
536 -1.00
537 -1.00
538 -1.00
539 -1.00
540 -1.00
541 -1.00
542 -1.00
543 -1.00
544 -1.00
545 -1.00
546 -1.00
547 -1.00
548 -1.00
549 -1.00
550 -1.00
551 -1.00
552 -1.00
553 -1.00
554 -1.00
555 -1.00
556 -1.00
557 -1.00
558 -1.00
559 -1.00
560 -1.00
561 -1.00
562 -1.00
563 -1.00
564 -1.00
565 -1.00
566 -1.00
567 -1.00
568 -1.00
569 -1.00
570 -1.00
571 -1.00
572 -1.00
573 -1.00
574 -1.00
575 -1.00
576 -1.00
577 -1.00
578 -1.00
579 -1.00
580 -1.00
581 -1.00
582 -1.00
583 -1.00
584 -1.00
585 -1.00
586 -1.00
587 -1.00
588 -1.00
589 -1.00
590 -1.00
591 -1.00
592 -1.00
593 -1.00
594 -1.00
595 -1.00
596 -1.00
597 -1.00
598 -1.00
599 -1.00
600 -1.00
601 -1.00
602 -1.00
603 -1.00
604 -1.00
605 -1.00
606 -1.00
607 -1.00
608 -1.00
609 -1.00
610 -1.00
611 -1.00
612 -1.00
613 -1.00
614 -1.00
615 -1.00
616 -1.00
617 -1.00
618 -1.00
619 -1.00
620 -1.00
621 -1.00
622 -1.00
623 -1.00
624 -1.00
625 -1.00
626 -1.00
627 -1.00
628 -1.00
629 -1.00
630 -1.00
631 -1.00
632 -1.00
633 -1.00
634 -1.00
635 -1.00
636 -1.00
637 -1.00
638 -1.00
639 -1.00
640 -1.00
641 -1.00
642 -1.00
643 -1.00
644 -1.00
645 -1.00
646 -1.00
647 -1.00
648 -1.00
649 -1.00
650 -1.00
651 -1.00
652 -1.00
653 -1.00
654 -1.00
655 -1.00
656 -1.00
657 -1.00
658 -1.00
659 -1.00
660 -1.00
661 -1.00
662 -1.00
663 -1.00
664 -1.00
665 -1.00
666 -1.00
667 -1.00
668 -1.00
669 -1.00
670 -1.00
671 -1.00
672 -1.00
673 -1.00
674 -1.00
675 -1.00
676 -1.00
677 -1.00
678 -1.00
679 -1.00
680 -1.00
681 -1.00
682 -1.00
683 -1.00
684 -1.00
685 -1.00
686 -1.00
687 -1.00
688 -1.00
689 -1.00
690 -1.00
691 -1.00
692 -1.00
693 -1.00
694 -1.00
695 -1.00
696 -1.00
697 -1.00
698 -1.00
699 -1.00
700 -1.00
701 -1.00
702 -1.00
703 -1.00
704 -1.00
705 -1.00
706 -1.00
707 -1.00
708 -1.00
709 -1.00
710 -1.00
711 -1.00
712 -1.00
713 -1.00
714 -1.00
715 -1.00
716 -1.00
717 -1.00
718 -1.00
719 -1.00
720 -1.00
721 -1.00
722 -1.00
723 -1.00
724 -1.00
725 -1.00
726 -1.00
727 -1.00
728 -1.00
729 -1.00
730 -1.00
731 -1.00
732 -1.00
733 -1.00
734 -1.00
735 -1.00
736 -1.00
737 -1.00
738 -1.00
739 -1.00
740 -1.00
741 -1.00
742 -1.00
743 -1.00
744 -1.00
745 -1.00
746 -1.00
747 -1.00
748 -1.00
749 -1.00
750 -1.00
751 -1.00
752 -1.00
753 -1.00
754 -1.00
755 -1.00
756 -1.00
757 -1.00
758 -1.00
759 -1.00
760 -1.00
761 -1.00
762 -1.00
763 -1.00
764 -1.00
765 -1.00
766 -1.00
767 -1.00
768 -1.00
769 -1.00
770 -1.00
771 -1.00
772 -1.00
773 -1.00
774 -1.00
775 -1.00
776 -1.00
777 -1.00
778 -1.00
779 -1.00
780 -1.00
781 -1.00
782 -1.00
783 -1.00
784 -1.00
785 -1.00
786 -1.00
787 -1.00
788 -1.00
789 -1.00
790 -1.00
791 -1.00
792 -1.00
793 -1.00
794 -1.00
795 -1.00
796 -1.00
797 -1.00
798 -1.00
799 -1.00
800 -1.00
801 -1.00
802 -1.00
803 -1.00
804 -1.00
805 -1.00
806 -1.00
807 -1.00
808 -1.00
809 -1.00
810 -1.00
811 -1.00
812 -1.00
813 -1.00
814 -1.00
815 -1.00
816 -1.00
817 -1.00
818 -1.00
819 -1.00
820 -1.00
821 -1.00
822 -1.00
823 -1.00
824 -1.00
825 -1.00
826 -1.00
827 -1.00
828 -1.00
829 -1.00
830 -1.00
831 -1.00
832 -1.00
833 -1.00
834 -1.00
835 -1.00
836 -1.00
837 -1.00
838 -1.00
839 -1.00
840 -1.00
841 -1.00
842 -1.00
843 -1.00
844 -1.00
845 -1.00
846 -1.00
847 -1.00
848 -1.00
849 -1.00
850 -1.00
851 -1.00
852 -1.00
853 -1.00
854 -1.00
855 -1.00
856 -1.00
857 -1.00
858 -1.00
859 -1.00
860 -1.00
861 -1.00
862 -1.00
863 -1.00
864 -1.00
865 -1.00
866 -1.00
867 -1.00
868 -1.00
869 -1.00
870 -1.00
871 -1.00
872 -1.00
873 -1.00
874 -1.00
875 -1.00
876 -1.00
877 -1.00
878 -1.00
879 -1.00
880 -1.00
881 -1.00
882 -1.00
883 -1.00
884 -1.00
885 -1.00
886 -1.00
887 -1.00
888 -1.00
889 -1.00
890 -1.00
891 -1.00
892 -1.00
893 -1.00
894 -1.00
895 -1.00
896 -1.00
897 -1.00
898 -1.00
899 -1.00
900 -1.00
901 -1.00
902 -1.00
903 -1.00
904 -1.00
905 -1.00
906 -1.00
907 -1.00
908 -1.00
909 -1.00
910 -1.00
911 -1.00
912 -1.00
913 -1.00
914 -1.00
915 -1.00
916 -1.00
917 -1.00
918 -1.00
919 -1.00
920 -1.00
921 -1.00
922 -1.00
923 -1.00
924 -1.00
925 -1.00
926 -1.00
927 -1.00
928 -1.00
929 -1.00
930 -1.00
931 -1.00
932 -1.00
933 -1.00
934 -1.00
935 -1.00
936 -1.00
937 -1.00
938 -1.00
939 -1.00
940 -1.00
941 -1.00
942 -1.00
943 -1.00
944 -1.00
945 -1.00
946 -1.00
947 -1.00
948 -1.00
949 -1.00
950 -1.00
951 -1.00
952 -1.00
953 -1.00
954 -1.00
955 -1.00
956 -1.00
957 -1.00
958 -1.00
959 -1.00
960 -1.00
961 -1.00
962 -1.00
963 -1.00
964 -1.00
965 -1.00
966 -1.00
967 -1.00
968 -1.00
969 -1.00
970 -1.00
971 -1.00
972 -1.00
973 -1.00
974 -1.00
975 -1.00
976 -1.00
977 -1.00
978 -1.00
979 -1.00
980 -1.00
981 -1.00
982 -1.00
983 -1.00
984 -1.00
985 -1.00
986 -1.00
987 -1.00
988 -1.00
989 -1.00
990 -1.00
991 -1.00
992 -1.00
993 -1.00
994 -1.00
995 -1.00
996 -1.00
997 -1.00
998 -1.00
999 -1.00
1000 -1.00
1001 -1.00
1002 -1.00
1003 -1.00
1004 -1.00
1005 -1.00
1006 -1.00
1007 -1.00
1008 -1.00
1009 -1.00
1010 -1.00
1011 -1.00
1012 -1.00
1013 -1.00
1014 -1.00
1015 -1.00
1016 -1.00
1017 -1.00
1018 -1.00
1019 -1.00
1020 -1.00
1021 -1.00
1022 -1.00
1023 -1.00
1024 -1.00
1025 -1.00
1026 -1.00
1027 -1.00
1028 -1.00
1029 -1.00
1030 -1.00
1031 -1.00
1032 -1.00
1033 -1.00
1034 -1.00
1035 -1.00
1036 -1.00
1037 -1.00
1038 -1.00
1039 -1.00
1040 -1.00
1041 -1.00
1042 -1.00
1043 -1.00
1044 -1.00
1045 -1.00
1046 -1.00
1047 -1.00
1048 -1.00
1049 -1.00
1050 -1.00
1051 -1.00
1052 -1.00
1053 -1.00
1054 -1.00
1055 -1.00
1056 -1.00
1057 -1.00
1058 -1.00
1059 -1.00
1060 -1.00
1061 -1.00
1062 -1.00
1063 -1.00
1064 -1.00
1065 -1.00
1066 -1.00
1067 -1.00
1068 -1.00
1069 -1.00
1070 -1.00
1071 -1.00
1072 -1.00
1073 -1.00
1074 -1.00
1075 -1.00
1076 -1.00
1077 -1.00
1078 -1.00
1079 -1.00
1080 -1.00
1081 -1.00
1082 -1.00
1083 -1.00
1084 -1.00
1085 -1.00
1086 -1.00
1087 -1.00
1088 -1.00
1089 -1.00
1090 -1.00
1091 -1.00
1092 -1.00
1093 -1.00
1094 -1.00
1095 -1.00
1096 -1.00
1097 -1.00
1098 -1.00
1099 -1.00
1100 -1.00
1101 -1.00
1102 -1.00
1103 -1.00
1104 -1.00
1105 -1.00
1106 -1.00
1107 -1.00
1108 -1.00
1109 -1.00
1110 -1.00
1111 -1.00
1112 -1.00
1113 -1.00
1114 -1.00
1115 -1.00
1116 -1.00
1117 -1.00
1118 -1.00
1119 -1.00
1120 -1.00
1121 -1.00
1122 -1.00
1123 -1.00
1124 -1.00
1125 -1.00
1126 -1.00
1127 -1.00
1128 -1.00
1129 -1.00
1130 -1.00
1131 -1.00
1132 -1.00
1133 -1.00
1134 -1.00
1135 -1.00
1136 -1.00
1137 -1.00
1138 -1.00
1139 -1.00
1140 -1.00
1141 -1.00
1142 -1.00
1143 -1.00
1144 -1.00
1145 -1.00
1146 -1.00
1147 -1.00
1148 -1.00
1149 -1.00
1150 -1.00
1151 -1.00
1152 -1.00
1153 -1.00
1154 -1.00
1155 -1.00
1156 -1.00
1157 -1.00
1158 -1.00
1159 -1.00
1160 -1.00
1161 -1.00
1162 -1.00
1163 -1.00
1164 -1.00
1165 -1.00
1166 -1.00
1167 -1.00
1168 -1.00
1169 -1.00
1170 -1.00
1171 -1.00
1172 -1.00
1173 -1.00
1174 -1.00
1175 -1.00
1176 -1.00
1177 -1.00
1178 -1.00
1179 -1.00
1180 -1.00
1181 -1.00
1182 -1.00
1183 -1.00
1184 -1.00
1185 -1.00
1186 -1.00
1187 -1.00
1188 -1.00
1189 -1.00
1190 -1.00
1191 -1.00
1192 -1.00
1193 -1.00
1194 -1.00
1195 -1.00
1196 -1.00
1197 -1.00
1198 -1.00
1199 -1.00
1200 -1.00
1201 -1.00
1202 -1.00
1203 -1.00
1204 -1.00
1205 -1.00
1206 -1.00
1207 -1.00
1208 -1.00
1209 -1.00
1210 -1.00
1211 -1.00
1212 -1.00
1213 -1.00
1214 -1.00
1215 -1.00
1216 -1.00
1217 -1.00
1218 -1.00
1219 -1.00
1220 -1.00
1221 -1.00
1222 -1.00
1223 -1.00
1224 -1.00
1225 -1.00
1226 -1.00
1227 -1.00
1228 -1.00
1229 -1.00
1230 -1.00
1231 -1.00
1232 -1.00
1233 -1.00
1234 -1.00
1235 -1.00
1236 -1.00
1237 -1.00
1238 -1.00
1239 -1.00
1240 -1.00
1241 -1.00
1242 -1.00
1243 -1.00
1244 -1.00
1245 -1.00
1246 -1.00
1247 -1.00
1248 -1.00
1249 -1.00
1250 -1.00
1251 -1.00
1252 -1.00
1253 -1.00
1254 -1.00
1255 -1.00
1256 -1.00
1257 -1.00
1258 -1.00
1259 -1.00
1260 -1.00
1261 -1.00
1262 -1.00
1263 -1.00
1264 -1.00
1265 -1.00
1266 -1.00
1267 -1.00
1268 -1.00
1269 -1.00
1270 -1.00
1271 -1.00
1272 -1.00
1273 -1.00
1274 -1.00
1275 -1.00
1276 -1.00
1277 -1.00
1278 -1.00
1279 -1.00
1280 -1.00
1281 -1.00
1282 -1.00
1283 -1.00
1284 -1.00
1285 -1.00
1286 -1.00
1287 -1.00
1288 -1.00
1289 -1.00
1290 -1.00
1291 -1.00
1292 -1.00
1293 -1.00
1294 -1.00
1295 -1.00
1296 -1.00
1297 -1.00
1298 -1.00
1299 -1.00
1300 -1.00
1301 -1.00
1302 -1.00
1303 -1.00
1304 -1.00
1305 -1.00
1306 -1.00
1307 -1.00
1308 -1.00
1309 -1.00
1310 -1.00
1311 -1.00
1312 -1.00
1313 -1.00
1314 -1.00
1315 -1.00
1316 -1.00
1317 -1.00
1318 -1.00
1319 -1.00
1320 -1.00
1321 -1.00
1322 -1.00
1323 -1.00
1324 -1.00
1325 -1.00
1326 -1.00
1327 -1.00
1328 -1.00
1329 -1.00
1330 -1.00
1331 -1.00
1332 -1.00
1333 -1.00
1334 -1.00
1335 -1.00
1336 -1.00
1337 -1.00
1338 -1.00
1339 -1.00
1340 -1.00
1341 -1.00
1342 -1.00
1343 -1.00
1344 -1.00
1345 -1.00
1346 -1.00
1347 -1.00
1348 -1.00
1349 -1.00
1350 -1.00
1351 -1.00
1352 -1.00
1353 -1.00
1354 -1.00
1355 -1.00
1356 -1.00
1357 -1.00
1358 -1.00
1359 -1.00
1360 -1.00
1361 -1.00
1362 -1.00
1363 -1.00
1364 -1.00
1365 -1.00
1366 -1.00
1367 -1.00
1368 -1.00
1369 -1.00
1370 -1.00
1371 -1.00
1372 -1.00
1373 -1.00
1374 -1.00
1375 -1.00
1376 -1.00
1377 -1.00
1378 -1.00
1379 -1.00
1380 -1.00
1381 -1.00
1382 -1.00
1383 -1.00
1384 -1.00
1385 -1.00
1386 -1.00
1387 -1.00
1388 -1.00
1389 -1.00
1390 -1.00
1391 -1.00
1392 -1.00
1393 -1.00
1394 -1.00
1395 -1.00
1396 -1.00
1397 -1.00
1398 -1.00
1399 -1.00
1400 -1.00
1401 -1.00
1402 -1.00
1403 -1.00
1404 -1.00
1405 -1.00
1406 -1.00
1407 -1.00
1408 -1.00
1409 -1.00
1410 -1.00
1411 -1.00
1412 -1.00
1413 -1.00
1414 -1.00
1415 -1.00
1416 -1.00
1417 -1.00
1418 -1.00
1419 -1.00
1420 -1.00
1421 -1.00
1422 -1.00
1423 -1.00
1424 -1.00
1425 -1.00
1426 -1.00
1427 -1.00
1428 -1.00
1429 -1.00
1430 -1.00
1431 -1.00
1432 -1.00
1433 -1.00
1434 -1.00
1435 -1.00
1436 -1.00
1437 -1.00
1438 -1.00
1439 -1.00
1440 -1.00
1441 -1.00
1442 -1.00
1443 -1.00
1444 -1.00
1445 -1.00
1446 -1.00
1447 -1.00
1448 -1.00
1449 -1.00
1450 -1.00
1451 -1.00
1452 -1.00
1453 -1.00
1454 -1.00
1455 -1.00
1456 -1.00
1457 -1.00
1458 -1.00
1459 -1.00
1460 -1.00
1461 -1.00
1462 -1.00
1463 -1.00
1464 -1.00
1465 -1.00
1466 -1.00
1467 -1.00
1468 -1.00
1469 -1.00
1470 -1.00
1471 -1.00
1472 -1.00
1473 -1.00
1474 -1.00
1475 -1.00
1476 -1.00
1477 -1.00
1478 -1.00
1479 -1.00
1480 -1.00
1481 -1.00
1482 -1.00
1483 -1.00
1484 -1.00
1485 -1.00
1486 -1.00
1487 -1.00
1488 -1.00
1489 -1.00
1490 -1.00
1491 -1.00
1492 -1.00
1493 -1.00
1494 -1.00
1495 -1.00
1496 -1.00
1497 -1.00
1498 -1.00
1499 -1.00
1500 -1.00
1501 -1.00
1502 -1.00
1503 -1.00
1504 -1.00
1505 -1.00
1506 -1.00
1507 -1.00
1508 -1.00
1509 -1.00
1510 -1.00
1511 -1.00
1512 -1.00
1513 -1.00
1514 -1.00
1515 -1.00
1516 -1.00
1517 -1.00
1518 -1.00
1519 -1.00
1520 -1.00
1521 -1.00
1522 -1.00
1523 -1.00
1524 -1.00
1525 -1.00
1526 -1.00
1527 -1.00
1528 -1.00
1529 -1.00
1530 -1.00
1531 -1.00
1532 -1.00
1533 -1.00
1534 -1.00
1535 -1.00
1536 -1.00
1537 -1.00
1538 -1.00
1539 -1.00
1540 -1.00
1541 -1.00
1542 -1.00
1543 -1.00
1544 -1.00
1545 -1.00
1546 -1.00
1547 -1.00
1548 -1.00
1549 -1.00
1550 -1.00
1551 -1.00
1552 -1.00
1553 -1.00
1554 -1.00
1555 -1.00
1556 -1.00
1557 -1.00
1558 -1.00
1559 -1.00
1560 -1.00
1561 -1.00
1562 -1.00
1563 -1.00
1564 -1.00
1565 -1.00
1566 -1.00
1567 -1.00
1568 -1.00
1569 -1.00
1570 -1.00
1571 -1.00
1572 -1.00
1573 -1.00
1574 -1.00
1575 -1.00
1576 -1.00
1577 -1.00
1578 -1.00
1579 -1.00
1580 -1.00
1581 -1.00
1582 -1.00
1583 -1.00
1584 -1.00
1585 -1.00
1586 -1.00
1587 -1.00
1588 -1.00
1589 -1.00
1590 -1.00
1591 -1.00
1592 -1.00
1593 -1.00
1594 -1.00
1595 -1.00
1596 -1.00
1597 -1.00
1598 -1.00
1599 -1.00
1600 -1.00
1601 -1.00
1602 -1.00
1603 -1.00
1604 -1.00
1605 -1.00
1606 -1.00
1607 -1.00
1608 -1.00
1609 -1.00
1610 -1.00
1611 -1.00
1612 -1.00
1613 -1.00
1614 -1.00
1615 -1.00
1616 -1.00
1617 -1.00
1618 -1.00
1619 -1.00
1620 -1.00
1621 -1.00
1622 -1.00
1623 -1.00
1624 -1.00
1625 -1.00
1626 -1.00
1627 -1.00
1628 -1.00
1629 -1.00
1630 -1.00
1631 -1.00
1632 -1.00
1633 -1.00
1634 -1.00
1635 -1.00
1636 -1.00
1637 -1.00
1638 -1.00
1639 -1.00
1640 -1.00
1641 -1.00
1642 -1.00
1643 -1.00
1644 -1.00
1645 -1.00
1646 -1.00
1647 -1.00
1648 -1.00
1649 -1.00
1650 -1.00
1651 -1.00
1652 -1.00
1653 -1.00
1654 -1.00
1655 -1.00
1656 -1.00
1657 -1.00
1658 -1.00
1659 -1.00
1660 -1.00
1661 -1.00
1662 -1.00
1663 -1.00
1664 -1.00
1665 -1.00
1666 -1.00
1667 -1.00
1668 -1.00
1669 -1.00
1670 -1.00
1671 -1.00
1672 -1.00
1673 -1.00
1674 -1.00
1675 -1.00
1676 -1.00
1677 -1.00
1678 -1.00
1679 -1.00
1680 -1.00
1681 -1.00
1682 -1.00
1683 -1.00
1684 -1.00
1685 -1.00
1686 -1.00
1687 -1.00
1688 -1.00
1689 -1.00
1690 -1.00
1691 -1.00
1692 -1.00
1693 -1.00
1694 -1.00
1695 -1.00
1696 -1.00
1697 -1.00
1698 -1.00
1699 -1.00
1700 -1.00
1701 -1.00
1702 -1.00
1703 -1.00
1704 -1.00
1705 -1.00
1706 -1.00
1707 -1.00
1708 -1.00
1709 -1.00
1710 -1.00
1711 -1.00
1712 -1.00
1713 -1.00
1714 -1.00
1715 -1.00
1716 -1.00
1717 -1.00
1718 -1.00
1719 -1.00
1720 -1.00
1721 -1.00
1722 -1.00
1723 -1.00
1724 -1.00
1725 -1.00
1726 -1.00
1727 -1.00
1728 -1.00
1729 -1.00
1730 -1.00
1731 -1.00
1732 -1.00
1733 -1.00
1734 -1.00
1735 -1.00
1736 -1.00
1737 -1.00
1738 -1.00
1739 -1.00
1740 -1.00
1741 -1.00
1742 -1.00
1743 -1.00
1744 -1.00
1745 -1.00
1746 -1.00
1747 -1.00
1748 -1.00
1749 -1.00
1750 -1.00
1751 -1.00
1752 -1.00
1753 -1.00
1754 -1.00
1755 -1.00
1756 -1.00
1757 -1.00
1758 -1.00
1759 -1.00
1760 -1.00
1761 -1.00
1762 -1.00
1763 -1.00
1764 -1.00
1765 -1.00
1766 -1.00
1767 -1.00
1768 -1.00
1769 -1.00
1770 -1.00
1771 -1.00
1772 -1.00
1773 -1.00
1774 -1.00
1775 -1.00
1776 -1.00
1777 -1.00
1778 -1.00
1779 -1.00
1780 -1.00
1781 -1.00
1782 -1.00
1783 -1.00
1784 -1.00
1785 -1.00
1786 -1.00
1787 -1.00
1788 -1.00
1789 -1.00
1790 -1.00
1791 -1.00
1792 -1.00
1793 -1.00
1794 -1.00
1795 -1.00
1796 -1.00
1797 -1.00
1798 -1.00
1799 -1.00
1800 -1.00
1801 -1.00
1802 -1.00
1803 -1.00
1804 -1.00
1805 -1.00
1806 -1.00
1807 -1.00
1808 -1.00
1809 -1.00
1810 -1.00
1811 -1.00
1812 -1.00
1813 -1.00
1814 -1.00
1815 -1.00
1816 -1.00
1817 -1.00
1818 -1.00
1819 -1.00
1820 -1.00
1821 -1.00
1822 -1.00
1823 -1.00
1824 -1.00
1825 -1.00
1826 -1.00
1827 -1.00
1828 -1.00
1829 -1.00
1830 -1.00
1831 1842.49
1832 1842.49
1833 1842.49
1834 1842.49
1835 1842.49
1836 1842.49
1837 1842.49
1838 1842.49
1839 1842.49
1840 1842.49
1841 1842.49
1842 1842.49
1843 1842.49
1844 1952.06
1845 1972.54
1846 1972.54
1847 1972.54
1848 1972.54
1849 2054.87
1850 2054.87
1851 2054.87
1852 2054.87
1853 2054.87
1854 2054.87
1855 2054.87
1856 2054.87
1857 2054.87
1858 2054.87
1859 2054.87
1860 2054.87
1861 2169.50
1862 2169.50
1863 2169.50
1864 2169.50
1865 2169.50
1866 2169.50
1867 2169.50
1868 2169.50
1869 2169.50
1870 2169.50
1871 2169.50
1872 2169.50
1873 2169.50
1874 2169.50
1875 2169.50
1876 2169.50
1877 2169.50
1878 2169.50
1879 2169.50
1880 2169.50
1881 2169.50
1882 2169.50
1883 2169.50
1884 2169.50
1885 2169.50
1886 2169.50
1887 2169.50
1888 2169.50
1889 2169.50
1890 2169.50
1891 2207.09
1892 2207.09
1893 2296.60
1894 2296.60
1895 2296.60
1896 2296.60
1897 2296.60
1898 2322.76
1899 2544.60
1900 2544.60
1901 2544.60
1902 2544.60
1903 2544.60
1904 2544.60
1905 2544.60
1906 2591.25
1907 2591.25
1908 2591.25
1909 2591.25
1910 2591.25
1911 2591.25
1912 2591.25
1913 2591.25
1914 2591.25
1915 2591.25
1916 2591.25
1917 2591.25
1918 2591.25
1919 2591.25
1920 2591.25
1921 2591.25
1922 2591.25
1923 2591.25
1924 2591.25
1925 2591.25
1926 2591.25
1927 2591.25
1928 2591.25
1929 2591.25
1930 2591.25
1931 2591.25
1932 2591.25
1933 2591.25
1934 2591.25
1935 2591.25
1936 2591.25
1937 2591.25
1938 2591.25
1939 2591.25
1940 2591.25
1941 2591.25
1942 2591.25
1943 2591.25
1944 2591.25
1945 2591.25
1946 2591.25
1947 2591.25
1948 2591.25
1949 2591.25
1950 2591.25
1951 2591.25
1952 2591.25
1953 2591.25
1954 2591.25
1955 2591.25
1956 2591.25
1957 2591.25
1958 2591.25
1959 2591.25
1960 2591.25
1961 2591.25
1962 2591.25
1963 2591.25
1964 2591.25
1965 2591.25
1966 2591.25
1967 2591.25
1968 2591.25
1969 2591.25
1970 2591.25
1971 2591.25
1972 2591.25
1973 2591.25
1974 2591.25
1975 2591.25
1976 2591.25
1977 2591.25
1978 2591.25
1979 2591.25
1980 2591.25
1981 2591.25
1982 2591.25
1983 2591.25
1984 2591.25
1985 2592.59
1986 2592.59
1987 2592.59
1988 2592.59
1989 2592.59
1990 2592.59
1991 2592.59
1992 2592.59
1993 2592.59
1994 2592.59
1995 2592.59
1996 2592.59
1997 2592.59
1998 2592.59
1999 2592.59
2000 2592.59
2001 2592.59
2002 2592.59
2003 2592.59
2004 2592.59
2005 2592.59
2006 2592.59
2007 2592.59
2008 2592.59
2009 2592.59
2010 2592.59
2011 2592.59
2012 2592.59
2013 2592.59
2014 2592.59
2015 2592.59
2016 2592.59
2017 2592.59
2018 2592.59
2019 2592.59
2020 2592.59
2021 2592.59
2022 2592.59
2023 2592.59
2024 2592.59
2025 2592.59
2026 2592.59
2027 2592.59
2028 2592.59
2029 2592.59
2030 2592.59
2031 2592.59
2032 2592.59
2033 2592.59
2034 2592.59
2035 2592.59
2036 2592.59
2037 2592.59
2038 2592.59
2039 2592.59
2040 2592.59
2041 2592.59
2042 2592.59
2043 2592.59
2044 2592.59
2045 2592.59
2046 2592.59
2047 2592.59
2048 2592.59
2049 2592.59
2050 2592.59
2051 2592.59
2052 2592.59
2053 2592.59
2054 2592.59
2055 2592.59
2056 2592.59
2057 2592.59
2058 2592.59
2059 2592.59
2060 2592.59
2061 2592.59
2062 2592.59
2063 2592.59
2064 2592.59
2065 2592.59
2066 2592.59
2067 2592.59
2068 2592.59
2069 2592.59
2070 2592.59
2071 2592.59
2072 2592.59
2073 2592.59
2074 2592.59
2075 2592.59
2076 2592.59
2077 2592.59
2078 2592.59
2079 2592.59
2080 2592.59
2081 2592.59
2082 2592.59
2083 2592.59
2084 2592.59
2085 2592.59
2086 2592.59
2087 2592.59
2088 2592.59
2089 2592.59
2090 2592.59
2091 2592.59
2092 2592.59
2093 2592.59
2094 2592.59
2095 2592.59
2096 2592.59
2097 2592.59
2098 2592.59
2099 2592.59
2100 2592.59
2101 2592.59
2102 2592.59
2103 2592.59
2104 2625.88
2105 2625.88
2106 2625.88
2107 2625.88
2108 2625.88
2109 2625.88
2110 2625.88
2111 2625.88
2112 2625.88
2113 2625.88
2114 2625.88
2115 2625.88
2116 2625.88
2117 2625.88
2118 2625.88
2119 2625.88
2120 2625.88
2121 2625.88
2122 2625.88
2123 2625.88
2124 2625.88
2125 2625.88
2126 2625.88
2127 2625.88
2128 2625.88
2129 2625.88
2130 2625.88
2131 2625.88
2132 2625.88
2133 2625.88
2134 2625.88
2135 2625.88
2136 2625.88
2137 2625.88
2138 2625.88
2139 2625.88
2140 2625.88
2141 2625.88
2142 2625.88
2143 2625.88
2144 2625.88
2145 2625.88
2146 2625.88
2147 2625.88
2148 2625.88
2149 2625.88
2150 2625.88
2151 2625.88
2152 2625.88
2153 2625.88
2154 2625.88
2155 2625.88
2156 2625.88
2157 2625.88
2158 2625.88
2159 2625.88
2160 2625.88
2161 2625.88
2162 2625.88
2163 2625.88
2164 2625.88
2165 2625.88
2166 2625.88
2167 2625.88
2168 2625.88
2169 2625.88
2170 2625.88
2171 2625.88
2172 2625.88
2173 2625.88
2174 2625.88
2175 2625.88
2176 2625.88
2177 2625.88
2178 2625.88
2179 2625.88
2180 2625.88
2181 2625.88
2182 2625.88
2183 2625.88
2184 2625.88
2185 2625.88
2186 2625.88
2187 2625.88
2188 2625.88
2189 2625.88
2190 2625.88
2191 2625.88
2192 2625.88
2193 2625.88
2194 2625.88
2195 2625.88
2196 2625.88
2197 2625.88
2198 2625.88
2199 2625.88
2200 2625.88
2201 2625.88
2202 2625.88
2203 2625.88
2204 2625.88
2205 2625.88
2206 2625.88
2207 2625.88
2208 2625.88
2209 2625.88
2210 2625.88
2211 2625.88
2212 2625.88
2213 2625.88
2214 2625.88
2215 2625.88
2216 2625.88
2217 2625.88
2218 2625.88
2219 2625.88
2220 2625.88
2221 2625.88
2222 2625.88
2223 2625.88
2224 2625.88
2225 2625.88
2226 2625.88
2227 2625.88
2228 2625.88
2229 2625.88
2230 2625.88
2231 2625.88
2232 2625.88
2233 2625.88
2234 2625.88
2235 2625.88
2236 2625.88
2237 2625.88
2238 2625.88
2239 2625.88
2240 2625.88
2241 2625.88
2242 2625.88
2243 2625.88
2244 2625.88
2245 2625.88
2246 2625.88
2247 2625.88
2248 2625.88
2249 2625.88
2250 2625.88
2251 2625.88
2252 2625.88
2253 2625.88
2254 2625.88
2255 2625.88
2256 2625.88
2257 2625.88
2258 2625.88
2259 2625.88
2260 2625.88
2261 2625.88
2262 2625.88
2263 2625.88
2264 2625.88
2265 2625.88
2266 2625.88
2267 2625.88
2268 2625.88
2269 2625.88
2270 2625.88
2271 2625.88
2272 2625.88
2273 2625.88
2274 2625.88
2275 2625.88
2276 2625.88
2277 2625.88
2278 2625.88
2279 2625.88
2280 2625.88
2281 2625.88
2282 2625.88
2283 2625.88
2284 2625.88
2285 2625.88
2286 2625.88
2287 2625.88
2288 2625.88
2289 2678.87
2290 2678.87
2291 2678.87
2292 2678.87
2293 2678.87
2294 2678.87
2295 2678.87
2296 2678.87
2297 2678.87
2298 2678.87
2299 2678.87
2300 2678.87
2301 2678.87
2302 2678.87
2303 2678.87
2304 2678.87
2305 2678.87
2306 2678.87
2307 2678.87
2308 2678.87
2309 2678.87
2310 2678.87
2311 2678.87
2312 2678.87
2313 2678.87
2314 2678.87
2315 2678.87
2316 2678.87
2317 2678.87
2318 2678.87
2319 2678.87
2320 2678.87
2321 2678.87
2322 2678.87
2323 2678.87
2324 2678.87
2325 2678.87
2326 2678.87
2327 2678.87
2328 2678.87
2329 2678.87
2330 2678.87
2331 2678.87
2332 2711.66
2333 2711.66
2334 2711.66
2335 2711.66
2336 2711.66
2337 2711.66
2338 2711.66
2339 2711.66
2340 2711.66
2341 2711.66
2342 2711.66
2343 2711.66
2344 2711.66
2345 2711.66
2346 2711.66
2347 2711.66
2348 2711.66
2349 2711.66
2350 2711.66
2351 2711.66
2352 2711.66
2353 2711.66
2354 2711.66
2355 2711.66
2356 2711.66
2357 2711.66
2358 2711.66
2359 2711.66
2360 2711.66
2361 2711.66
2362 2711.66
2363 2711.66
2364 2711.66
2365 2711.66
2366 2711.66
2367 2711.66
2368 2711.66
2369 2711.66
2370 2711.66
2371 2711.66
2372 2711.66
2373 2711.66
2374 2711.66
2375 2711.66
2376 2711.66
2377 2711.66
2378 2711.66
2379 2711.66
2380 2711.66
2381 2711.66
2382 2711.66
2383 2711.66
2384 2711.66
2385 2711.66
2386 2711.66
2387 2711.66
2388 2711.66
2389 2711.66
2390 2711.66
2391 2711.66
2392 2711.66
2393 2711.66
2394 2711.66
2395 2711.66
2396 2711.66
2397 2711.66
2398 2711.66
2399 2711.66
2400 2711.66
2401 2711.66
2402 2711.66
2403 2711.66
2404 2711.66
2405 2711.66
2406 2711.66
2407 2711.66
2408 2711.66
2409 2711.66
2410 2711.66
2411 2711.66
2412 2711.66
2413 2711.66
2414 2711.66
2415 2711.66
2416 2711.66
2417 2711.66
2418 2711.66
2419 2711.66
2420 2711.66
2421 2711.66
2422 2711.66
2423 2711.66
2424 2711.66
2425 2711.66
2426 2711.66
2427 2711.66
2428 2711.66
2429 2711.66
2430 2711.66
2431 2711.66
2432 2711.66
2433 2711.66
2434 2711.66
2435 2711.66
2436 2711.66
2437 2711.66
2438 2711.66
2439 2711.66
2440 2711.66
2441 2711.66
2442 2711.66
2443 2711.66
2444 2719.74
2445 2719.74
2446 2719.74
2447 2719.74
2448 2719.74
2449 2719.74
2450 2719.74
2451 2719.74
2452 2719.74
2453 2719.74
2454 2719.74
2455 2719.74
2456 2719.74
2457 2719.74
2458 2719.74
2459 2719.74
2460 2719.74
2461 2719.74
2462 2719.74
2463 2719.74
2464 2719.74
2465 2719.74
2466 2719.74
2467 2719.74
2468 2719.74
2469 2719.74
2470 2719.74
2471 2719.74
2472 2719.74
2473 2719.74
2474 2719.74
2475 2719.74
2476 2719.74
2477 2719.74
2478 2719.74
2479 2719.74
2480 2719.74
2481 2719.74
2482 2719.74
2483 2719.74
2484 2719.74
2485 2719.74
2486 2719.74
2487 2719.74
2488 2719.74
2489 2719.74
2490 2719.74
2491 2719.74
2492 2719.74
2493 2719.74
2494 2719.74
2495 2719.74
2496 2719.74
2497 2719.74
2498 2719.74
2499 2719.74
2500 2719.74
2501 2719.74
2502 2719.74
2503 2719.74
2504 2719.74
2505 2719.74
2506 2719.74
2507 2719.74
2508 2719.74
2509 2719.74
2510 2719.74
2511 2719.74
2512 2719.74
2513 2719.74
2514 2719.74
2515 2719.74
2516 2719.74
2517 2719.74
2518 2719.74
2519 2719.74
2520 2719.74
2521 2719.74
2522 2719.74
2523 2719.74
2524 2719.74
2525 2719.74
2526 2719.74
2527 2719.74
2528 2719.74
2529 2719.74
2530 2719.74
2531 2719.74
2532 2719.74
2533 2719.74
2534 2719.74
2535 2719.74
2536 2719.74
2537 2719.74
2538 2719.74
2539 2719.74
2540 2719.74
2541 2719.74
2542 2719.74
2543 2719.74
2544 2719.74
2545 2719.74
2546 2719.74
2547 2719.74
2548 2719.74
2549 2719.74
2550 2719.74
2551 2719.74
2552 2719.74
2553 2719.74
2554 2719.74
2555 2719.74
2556 2719.74
2557 2719.74
2558 2719.74
2559 2719.74
2560 2719.74
2561 2719.74
2562 2719.74
2563 2719.74
2564 2719.74
2565 2719.74
2566 2719.74
2567 2719.74
2568 2719.74
2569 2719.74
2570 2719.74
2571 2719.74
2572 2719.74
2573 2719.74
2574 2719.74
2575 2719.74
2576 2719.74
2577 2719.74
2578 2719.74
2579 2719.74
2580 2719.74
2581 2719.74
2582 2719.74
2583 2719.74
2584 2719.74
2585 2719.74
2586 2719.74
2587 2719.74
2588 2719.74
2589 2719.74
2590 2719.74
2591 2719.74
2592 2719.74
2593 2719.74
2594 2719.74
2595 2719.74
2596 2719.74
2597 2719.74
2598 2719.74
2599 2719.74
2600 2719.74
2601 2719.74
2602 2719.74
2603 2719.74
2604 2719.74
2605 2719.74
2606 2719.74
2607 2719.74
2608 2719.74
2609 2719.74
2610 2719.74
2611 2719.74
2612 2719.74
2613 2719.74
2614 2719.74
2615 2719.74
2616 2719.74
2617 2719.74
2618 2719.74
2619 2719.74
2620 2719.74
2621 2719.74
2622 2719.74
2623 2719.74
2624 2719.74
2625 2719.74
2626 2719.74
2627 2719.74
2628 2719.74
2629 2719.74
2630 2719.74
2631 2719.74
2632 2719.74
2633 2719.74
2634 2719.74
2635 2719.74
2636 2719.74
2637 2719.74
2638 2719.74
2639 2719.74
2640 2719.74
2641 2719.74
2642 2719.74
2643 2719.74
2644 2719.74
2645 2719.74
2646 2719.74
2647 2719.74
2648 2719.74
2649 2719.74
2650 2719.74
2651 2719.74
2652 2719.74
2653 2719.74
2654 2719.74
2655 2719.74
2656 2719.74
2657 2719.74
2658 2719.74
2659 2719.74
2660 2719.74
2661 2719.74
2662 2719.74
2663 2719.74
2664 2719.74
2665 2719.74
2666 2719.74
2667 2719.74
2668 2719.74
2669 2719.74
2670 2719.74
2671 2719.74
2672 2719.74
2673 2719.74
2674 2719.74
2675 2719.74
2676 2719.74
2677 2719.74
2678 2719.74
2679 2719.74
2680 2719.74
2681 2719.74
2682 2719.74
2683 2719.74
2684 2719.74
2685 2719.74
2686 2719.74
2687 2719.74
2688 2719.74
2689 2719.74
2690 2719.74
2691 2719.74
2692 2719.74
2693 2719.74
2694 2719.74
2695 2719.74
2696 2719.74
2697 2719.74
2698 2719.74
2699 2719.74
2700 2719.74
2701 2719.74
2702 2719.74
2703 2719.74
2704 2719.74
2705 2719.74
2706 2719.74
2707 2719.74
2708 2719.74
2709 2719.74
2710 2719.74
2711 2719.74
2712 2719.74
2713 2719.74
2714 2719.74
2715 2719.74
2716 2719.74
2717 2719.74
2718 2719.74
2719 2719.74
2720 2719.74
2721 2719.74
2722 2719.74
2723 2719.74
2724 2719.74
2725 2719.74
2726 2719.74
2727 2719.74
2728 2719.74
2729 2719.74
2730 2719.74
2731 2719.74
2732 2719.74
2733 2719.74
2734 2719.74
2735 2719.74
2736 2719.74
2737 2719.74
2738 2719.74
2739 2719.74
2740 2719.74
2741 2719.74
2742 2719.74
2743 2719.74
2744 2719.74
2745 2719.74
2746 2719.74
2747 2719.74
2748 2719.74
2749 2719.74
2750 2719.74
2751 2719.74
2752 2719.74
2753 2719.74
2754 2719.74
2755 2719.74
2756 2719.74
2757 2719.74
2758 2719.74
2759 2719.74
2760 2719.74
2761 2719.74
2762 2719.74
2763 2719.74
2764 2719.74
2765 2719.74
2766 2719.74
2767 2719.74
2768 2719.74
2769 2719.74
2770 2719.74
2771 2719.74
2772 2719.74
2773 2719.74
2774 2719.74
2775 2719.74
2776 2719.74
2777 2719.74
2778 2719.74
2779 2719.74
2780 2719.74
2781 2719.74
2782 2719.74
2783 2719.74
2784 2719.74
2785 2719.74
2786 2719.74
2787 2719.74
2788 2719.74
2789 2719.74
2790 2719.74
2791 2719.74
2792 2719.74
2793 2719.74
2794 2719.74
2795 2719.74
2796 2719.74
2797 2719.74
2798 2719.74
2799 2719.74
2800 2719.74
2801 2719.74
2802 2719.74
2803 2719.74
2804 2719.74
2805 2719.74
2806 2719.74
2807 2719.74
2808 2719.74
2809 2719.74
2810 2719.74
2811 2719.74
2812 2719.74
2813 2719.74
2814 2719.74
2815 2719.74
2816 2719.74
2817 2719.74
2818 2719.74
2819 2719.74
2820 2719.74
2821 2719.74
2822 2719.74
2823 2719.74
2824 2719.74
2825 2719.74
2826 2719.74
2827 2719.74
2828 2719.74
2829 2719.74
2830 2719.74
2831 2719.74
2832 2719.74
2833 2719.74
2834 2719.74
2835 2719.74
2836 2719.74
2837 2719.74
2838 2719.74
2839 2719.74
2840 2719.74
2841 2719.74
2842 2719.74
2843 2719.74
2844 2719.74
2845 2719.74
2846 2719.74
2847 2719.74
2848 2719.74
2849 2719.74
2850 2719.74
2851 2719.74
2852 2719.74
2853 2719.74
2854 2719.74
2855 2719.74
2856 2719.74
2857 2719.74
2858 2719.74
2859 2719.74
2860 2719.74
2861 2719.74
2862 2719.74
2863 2719.74
2864 2719.74
2865 2719.74
2866 2719.74
2867 2719.74
2868 2719.74
2869 2719.74
2870 2719.74
2871 2719.74
2872 2719.74
2873 2719.74
2874 2719.74
2875 2719.74
2876 2719.74
2877 2719.74
2878 2719.74
2879 2719.74
2880 2719.74
2881 2719.74
2882 2719.74
2883 2719.74
2884 2719.74
2885 2719.74
2886 2719.74
2887 2719.74
2888 2719.74
2889 2719.74
2890 2719.74
2891 2719.74
2892 2719.74
2893 2719.74
2894 2719.74
2895 2719.74
2896 2719.74
2897 2719.74
2898 2719.74
2899 2719.74
2900 2719.74
2901 2719.74
2902 2719.74
2903 2719.74
2904 2719.74
2905 2719.74
2906 2719.74
2907 2719.74
2908 2719.74
2909 2719.74
2910 2719.74
2911 2719.74
2912 2719.74
2913 2719.74
2914 2719.74
2915 2719.74
2916 2719.74
2917 2719.74
2918 2719.74
2919 2719.74
2920 2719.74
2921 2719.74
2922 2719.74
2923 2719.74
2924 2719.74
2925 2719.74
2926 2719.74
2927 2719.74
2928 2719.74
2929 2719.74
2930 2719.74
2931 2719.74
2932 2719.74
2933 2719.74
2934 2719.74
2935 2719.74
2936 2719.74
2937 2719.74
2938 2719.74
2939 2719.74
2940 2719.74
2941 2719.74
2942 2719.74
2943 2719.74
2944 2719.74
2945 2719.74
2946 2719.74
2947 2719.74
2948 2719.74
2949 2719.74
2950 2719.74
2951 2719.74
2952 2719.74
2953 2719.74
2954 2719.74
2955 2719.74
2956 2719.74
2957 2719.74
2958 2719.74
2959 2719.74
2960 2719.74
2961 2719.74
2962 2719.74
2963 2719.74
2964 2719.74
2965 2719.74
2966 2719.74
2967 2719.74
2968 2719.74
2969 2719.74
2970 2719.74
2971 2719.74
2972 2719.74
2973 2719.74
2974 2719.74
2975 2719.74
2976 2719.74
2977 2719.74
2978 2719.74
2979 2719.74
2980 2719.74
2981 2719.74
2982 2719.74
2983 2719.74
2984 2719.74
2985 2719.74
2986 2719.74
2987 2719.74
2988 2719.74
2989 2719.74
2990 2719.74
2991 2719.74
2992 2719.74
2993 2719.74
2994 2719.74
2995 2719.74
2996 2719.74
2997 2719.74
2998 2719.74
2999 2719.74
3000 2719.74
3001 2719.74
3002 2719.74
3003 2719.74
3004 2719.74
3005 2719.74
3006 2719.74
3007 2719.74
3008 2719.74
3009 2719.74
3010 2719.74
3011 2719.74
3012 2719.74
3013 2719.74
3014 2719.74
3015 2719.74
3016 2719.74
3017 2719.74
3018 2719.74
3019 2719.74
3020 2719.74
3021 2719.74
3022 2719.74
3023 2719.74
3024 2719.74
3025 2719.74
3026 2719.74
3027 2719.74
3028 2719.74
3029 2719.74
3030 2719.74
3031 2719.74
3032 2719.74
3033 2719.74
3034 2719.74
3035 2719.74
3036 2719.74
3037 2719.74
3038 2719.74
3039 2719.74
3040 2719.74
3041 2719.74
3042 2719.74
3043 2719.74
3044 2719.74
3045 2719.74
3046 2719.74
3047 2719.74
3048 2719.74
3049 2719.74
3050 2719.74
3051 2719.74
3052 2719.74
3053 2719.74
3054 2719.74
3055 2719.74
3056 2719.74
3057 2719.74
3058 2719.74
3059 2719.74
3060 2719.74
3061 2719.74
3062 2719.74
3063 2719.74
3064 2719.74
3065 2719.74
3066 2719.74
3067 2719.74
3068 2719.74
3069 2719.74
3070 2719.74
3071 2719.74
3072 2719.74
3073 2719.74
3074 2719.74
3075 2719.74
3076 2719.74
3077 2719.74
3078 2719.74
3079 2719.74
3080 2719.74
3081 2719.74
3082 2719.74
3083 2719.74
3084 2719.74
3085 2719.74
3086 2719.74
3087 2719.74
3088 2719.74
3089 2719.74
3090 2719.74
3091 2719.74
3092 2719.74
3093 2719.74
3094 2719.74
3095 2719.74
3096 2735.04
3097 2735.04
3098 2735.04
3099 2735.04
3100 2735.04
3101 2735.04
3102 2735.04
3103 2735.04
3104 2735.04
3105 2735.04
3106 2735.04
3107 2735.04
3108 2735.04
3109 2735.04
3110 2735.04
3111 2735.04
3112 2735.04
3113 2735.04
3114 2735.04
3115 2735.04
3116 2735.04
3117 2735.04
3118 2735.04
3119 2735.04
3120 2735.04
3121 2735.04
3122 2735.04
3123 2735.04
3124 2735.04
3125 2735.04
3126 2735.04
3127 2735.04
3128 2735.04
3129 2735.04
3130 2735.04
3131 2735.04
3132 2735.04
3133 2735.04
3134 2735.04
3135 2735.04
3136 2735.04
3137 2735.04
3138 2735.04
3139 2735.04
3140 2735.04
3141 2735.04
3142 2735.04
3143 2735.04
3144 2735.04
3145 2735.04
3146 2735.04
3147 2735.04
3148 2735.04
3149 2735.04
3150 2735.04
3151 2735.04
3152 2735.04
3153 2735.04
3154 2735.04
3155 2735.04
3156 2735.04
3157 2735.04
3158 2735.04
3159 2735.04
3160 2735.04
3161 2735.04
3162 2735.04
3163 2735.04
3164 2735.04
3165 2735.04
3166 2735.04
3167 2735.04
3168 2735.04
3169 2735.04
3170 2735.04
3171 2735.04
3172 2735.04
3173 2735.04
3174 2735.04
3175 2735.04
3176 2735.04
3177 2735.04
3178 2735.04
3179 2735.04
3180 2735.04
3181 2735.04
3182 2735.04
3183 2735.04
3184 2735.04
3185 2735.04
3186 2735.04
3187 2735.04
3188 2735.04
3189 2735.04
3190 2735.04
3191 2735.04
3192 2735.04
3193 2735.04
3194 2735.04
3195 2735.04
3196 2735.04
3197 2735.04
3198 2735.04
3199 2735.04
3200 2735.04
3201 2735.04
3202 2735.04
3203 2735.04
3204 2735.04
3205 2735.04
3206 2735.04
3207 2735.04
3208 2735.04
3209 2735.04
3210 2735.04
3211 2735.04
3212 2735.04
3213 2735.04
3214 2735.04
3215 2735.04
3216 2735.04
3217 2735.04
3218 2735.04
3219 2735.04
3220 2735.04
3221 2735.04
3222 2735.04
3223 2735.04
3224 2735.04
3225 2735.04
3226 2735.04
3227 2735.04
3228 2735.04
3229 2735.04
3230 2735.04
3231 2735.04
3232 2735.04
3233 2735.04
3234 2735.04
3235 2735.04
3236 2735.04
3237 2735.04
3238 2735.04
3239 2735.04
3240 2735.04
3241 2735.04
3242 2735.04
3243 2735.04
3244 2735.04
3245 2735.04
3246 2735.04
3247 2735.04
3248 2735.04
3249 2735.04
3250 2735.04
3251 2735.04
3252 2735.04
3253 2735.04
3254 2735.04
3255 2735.04
3256 2735.04
3257 2735.04
3258 2735.04
3259 2735.04
3260 2735.04
3261 2735.04
3262 2735.04
3263 2735.04
3264 2735.04
3265 2778.70
3266 2778.70
3267 2778.70
3268 2778.70
3269 2778.70
3270 2778.70
3271 2778.70
3272 2778.70
3273 2778.70
3274 2778.70
3275 2778.70
3276 2778.70
3277 2778.70
3278 2778.70
3279 2778.70
3280 2778.70
3281 2778.70
3282 2778.70
3283 2778.70
3284 2778.70
3285 2778.70
3286 2778.70
3287 2778.70
3288 2778.70
3289 2778.70
3290 2778.70
3291 2778.70
3292 2778.70
3293 2778.70
3294 2778.70
3295 2778.70
3296 2778.70
3297 2778.70
3298 2778.70
3299 2778.70
3300 2778.70
3301 2778.70
3302 2778.70
3303 2778.70
3304 2778.70
3305 2778.70
3306 2778.70
3307 2778.70
3308 2778.70
3309 2778.70
3310 2778.70
3311 2778.70
3312 2778.70
3313 2778.70
3314 2778.70
3315 2778.70
3316 2778.70
3317 2778.70
3318 2778.70
3319 2778.70
3320 2778.70
3321 2778.70
3322 2778.70
3323 2778.70
3324 2778.70
3325 2778.70
3326 2778.70
3327 2778.70
3328 2778.70
3329 2778.70
3330 2778.70
3331 2778.70
3332 2778.70
3333 2778.70
3334 2778.70
3335 2778.70
3336 2778.70
3337 2778.70
3338 2778.70
3339 2778.70
3340 2778.70
3341 2778.70
3342 2778.70
3343 2778.70
3344 2778.70
3345 2778.70
3346 2778.70
3347 2778.70
3348 2778.70
3349 2778.70
3350 2778.70
3351 2778.70
3352 2778.70
3353 2778.70
3354 2778.70
3355 2778.70
3356 2778.70
3357 2778.70
3358 2778.70
3359 2778.70
3360 2778.70
3361 2778.70
3362 2778.70
3363 2778.70
3364 2778.70
3365 2778.70
3366 2778.70
3367 2778.70
3368 2778.70
3369 2778.70
3370 2778.70
3371 2778.70
3372 2778.70
3373 2778.70
3374 2778.70
3375 2778.70
3376 2778.70
3377 2778.70
3378 2778.70
3379 2778.70
3380 2778.70
3381 2778.70
3382 2778.70
3383 2778.70
3384 2778.70
3385 2778.70
3386 2778.70
3387 2778.70
3388 2778.70
3389 2778.70
3390 2778.70
3391 2778.70
3392 2778.70
3393 2778.70
3394 2778.70
3395 2778.70
3396 2778.70
3397 2778.70
3398 2778.70
3399 2778.70
3400 2778.70
3401 2778.70
3402 2778.70
3403 2778.70
3404 2778.70
3405 2778.70
3406 2778.70
3407 2778.70
3408 2778.70
3409 2778.70
3410 2778.70
3411 2778.70
3412 2778.70
3413 2778.70
3414 2778.70
3415 2778.70
3416 2778.70
3417 2778.70
3418 2778.70
3419 2778.70
3420 2778.70
3421 2778.70
3422 2778.70
3423 2778.70
3424 2778.70
3425 2778.70
3426 2778.70
3427 2778.70
3428 2778.70
3429 2778.70
3430 2778.70
3431 2778.70
3432 2778.70
3433 2778.70
3434 2778.70
3435 2778.70
3436 2778.70
3437 2778.70
3438 2778.70
3439 2778.70
3440 2778.70
3441 2778.70
3442 2778.70
3443 2778.70
3444 2778.70
3445 2778.70
3446 2778.70
3447 2778.70
3448 2778.70
3449 2778.70
3450 2778.70
3451 2778.70
3452 2778.70
3453 2778.70
3454 2778.70
3455 2778.70
3456 2778.70
3457 2778.70
3458 2778.70
3459 2778.70
3460 2778.70
3461 2778.70
3462 2778.70
3463 2778.70
3464 2778.70
3465 2778.70
3466 2778.70
3467 2778.70
3468 2778.70
3469 2778.70
3470 2778.70
3471 2778.70
3472 2778.70
3473 2778.70
3474 2778.70
3475 2778.70
3476 2778.70
3477 2778.70
3478 2778.70
3479 2778.70
3480 2778.70
3481 2778.70
3482 2778.70
3483 2778.70
3484 2778.70
3485 2778.70
3486 2778.70
3487 2778.70
3488 2778.70
3489 2778.70
3490 2778.70
3491 2778.70
3492 2778.70
3493 2778.70
3494 2778.70
3495 2778.70
3496 2778.70
3497 2778.70
3498 2778.70
3499 2778.70
3500 2778.70
3501 2778.70
3502 2778.70
3503 2778.70
3504 2778.70
3505 2778.70
3506 2778.70
3507 2778.70
3508 2778.70
3509 2778.70
3510 2778.70
3511 2778.70
3512 2778.70
3513 2778.70
3514 2778.70
3515 2778.70
3516 2778.70
3517 2778.70
3518 2778.70
3519 2778.70
3520 2778.70
3521 2778.70
3522 2778.70
3523 2778.70
3524 2778.70
3525 2778.70
3526 2778.70
3527 2778.70
3528 2778.70
3529 2778.70
3530 2778.70
3531 2778.70
3532 2778.70
3533 2778.70
3534 2778.70
3535 2778.70
3536 2778.70
3537 2778.70
3538 2778.70
3539 2778.70
3540 2778.70
3541 2778.70
3542 2778.70
3543 2778.70
3544 2778.70
3545 2778.70
3546 2778.70
3547 2778.70
3548 2778.70
3549 2778.70
3550 2778.70
3551 2778.70
3552 2778.70
3553 2778.70
3554 2778.70
3555 2778.70
3556 2778.70
3557 2778.70
3558 2778.70
3559 2778.70
3560 2778.70
3561 2778.70
3562 2778.70
3563 2778.70
3564 2778.70
3565 2778.70
3566 2778.70
3567 2778.70
3568 2778.70
3569 2778.70
3570 2778.70
3571 2778.70
3572 2778.70
3573 2778.70
3574 2778.70
3575 2778.70
3576 2778.70
3577 2778.70
3578 2778.70
3579 2778.70
3580 2778.70
3581 2778.70
3582 2778.70
3583 2778.70
3584 2778.70
3585 2778.70
3586 2778.70
3587 2778.70
3588 2778.70
3589 2778.70
3590 2778.70
3591 2778.70
3592 2778.70
3593 2778.70
3594 2778.70
3595 2778.70
3596 2778.70
3597 2778.70
3598 2778.70
3599 2778.70
3600 2778.70
3601 2778.70
3602 2778.70
3603 2778.70
3604 2778.70
3605 2778.70
3606 2778.70
3607 2778.70
3608 2778.70
3609 2778.70
3610 2778.70
3611 2778.70
3612 2778.70
3613 2778.70
3614 2778.70
3615 2778.70
3616 2778.70
3617 2778.70
3618 2778.70
3619 2778.70
3620 2778.70
3621 2778.70
3622 2778.70
3623 2778.70
3624 2778.70
3625 2778.70
3626 2778.70
3627 2778.70
3628 2778.70
3629 2778.70
3630 2778.70
3631 2778.70
3632 2778.70
3633 2778.70
3634 2778.70
3635 2778.70
3636 2778.70
3637 2778.70
3638 2778.70
3639 2778.70
3640 2778.70
3641 2778.70
3642 2778.70
3643 2778.70
3644 2778.70
3645 2778.70
3646 2778.70
3647 2778.70
3648 2778.70
3649 2778.70
3650 2778.70
3651 2778.70
3652 2778.70
3653 2778.70
3654 2778.70
3655 2778.70
3656 2778.70
3657 2778.70
3658 2778.70
3659 2778.70
3660 2778.70
3661 2778.70
3662 2778.70
3663 2778.70
3664 2778.70
3665 2778.70
3666 2778.70
3667 2778.70
3668 2778.70
3669 2778.70
3670 2778.70
3671 2778.70
3672 2778.70
3673 2778.70
3674 2778.70
3675 2778.70
3676 2778.70
3677 2778.70
3678 2778.70
3679 2778.70
3680 2778.70
3681 2778.70
3682 2778.70
3683 2778.70
3684 2778.70
3685 2778.70
3686 2778.70
3687 2778.70
3688 2778.70
3689 2778.70
3690 2778.70
3691 2778.70
3692 2778.70
3693 2778.70
3694 2778.70
3695 2778.70
3696 2778.70
3697 2778.70
3698 2778.70
3699 2778.70
3700 2778.70
3701 2778.70
3702 2778.70
3703 2778.70
3704 2778.70
3705 2778.70
3706 2778.70
3707 2778.70
3708 2778.70
3709 2778.70
3710 2778.70
3711 2778.70
3712 2778.70
3713 2778.70
3714 2778.70
3715 2778.70
3716 2778.70
3717 2778.70
3718 2778.70
3719 2778.70
3720 2778.70
3721 2778.70
3722 2778.70
3723 2778.70
3724 2778.70
3725 2778.70
3726 2778.70
3727 2778.70
3728 2778.70
3729 2778.70
3730 2778.70
3731 2778.70
3732 2778.70
3733 2778.70
3734 2778.70
3735 2778.70
3736 2778.70
3737 2778.70
3738 2778.70
3739 2778.70
3740 2778.70
3741 2778.70
3742 2778.70
3743 2778.70
3744 2778.70
3745 2778.70
3746 2778.70
3747 2778.70
3748 2778.70
3749 2778.70
3750 2778.70
3751 2778.70
3752 2778.70
3753 2778.70
3754 2778.70
3755 2778.70
3756 2778.70
3757 2778.70
3758 2778.70
3759 2778.70
3760 2778.70
3761 2778.70
3762 2778.70
3763 2778.70
3764 2778.70
3765 2778.70
3766 2778.70
3767 2778.70
3768 2778.70
3769 2778.70
3770 2778.70
3771 2778.70
3772 2778.70
3773 2778.70
3774 2778.70
3775 2778.70
3776 2778.70
3777 2778.70
3778 2778.70
3779 2778.70
3780 2778.70
3781 2778.70
3782 2778.70
3783 2778.70
3784 2778.70
3785 2778.70
3786 2778.70
3787 2778.70
3788 2778.70
3789 2778.70
3790 2778.70
3791 2778.70
3792 2778.70
3793 2778.70
3794 2778.70
3795 2778.70
3796 2778.70
3797 2778.70
3798 2778.70
3799 2778.70
3800 2778.70
3801 2778.70
3802 2778.70
3803 2778.70
3804 2778.70
3805 2778.70
3806 2778.70
3807 2778.70
3808 2778.70
3809 2778.70
3810 2778.70
3811 2778.70
3812 2778.70
3813 2778.70
3814 2778.70
3815 2778.70
3816 2778.70
3817 2778.70
3818 2778.70
3819 2778.70
3820 2778.70
3821 2778.70
3822 2778.70
3823 2778.70
3824 2778.70
3825 2778.70
3826 2778.70
3827 2778.70
3828 2778.70
3829 2778.70
3830 2778.70
3831 2778.70
3832 2778.70
3833 2778.70
3834 2778.70
3835 2778.70
3836 2778.70
3837 2778.70
3838 2778.70
3839 2778.70
3840 2778.70
3841 2778.70
3842 2778.70
3843 2778.70
3844 2778.70
3845 2778.70
3846 2778.70
3847 2778.70
3848 2778.70
3849 2778.70
3850 2778.70
3851 2778.70
3852 2778.70
3853 2778.70
3854 2778.70
3855 2778.70
3856 2778.70
3857 2778.70
3858 2778.70
3859 2778.70
3860 2778.70
3861 2778.70
3862 2778.70
3863 2778.70
3864 2778.70
3865 2778.70
3866 2778.70
3867 2778.70
3868 2778.70
3869 2778.70
3870 2778.70
3871 2778.70
3872 2778.70
3873 2778.70
3874 2778.70
3875 2778.70
3876 2778.70
3877 2778.70
3878 2778.70
3879 2778.70
3880 2778.70
3881 2778.70
3882 2778.70
3883 2778.70
3884 2778.70
3885 2778.70
3886 2778.70
3887 2778.70
3888 2778.70
3889 2778.70
3890 2778.70
3891 2778.70
3892 2778.70
3893 2778.70
3894 2778.70
3895 2778.70
3896 2778.70
3897 2778.70
3898 2778.70
3899 2778.70
3900 2778.70
3901 2778.70
3902 2778.70
3903 2778.70
3904 2778.70
3905 2778.70
3906 2778.70
3907 2778.70
3908 2778.70
3909 2778.70
3910 2778.70
3911 2778.70
3912 2778.70
3913 2778.70
3914 2778.70
3915 2778.70
3916 2778.70
3917 2778.70
3918 2778.70
3919 2778.70
3920 2778.70
3921 2778.70
3922 2778.70
3923 2778.70
3924 2778.70
3925 2778.70
3926 2778.70
3927 2778.70
3928 2778.70
3929 2778.70
3930 2778.70
3931 2778.70
3932 2778.70
3933 2778.70
3934 2778.70
3935 2778.70
3936 2778.70
3937 2778.70
3938 2778.70
3939 2778.70
3940 2778.70
3941 2778.70
3942 2778.70
3943 2778.70
3944 2778.70
3945 2778.70
3946 2778.70
3947 2778.70
3948 2778.70
3949 2778.70
3950 2778.70
3951 2778.70
3952 2778.70
3953 2778.70
3954 2778.70
3955 2778.70
3956 2778.70
3957 2778.70
3958 2778.70
3959 2778.70
3960 2778.70
3961 2778.70
3962 2778.70
3963 2778.70
3964 2778.70
3965 2778.70
3966 2778.70
3967 2778.70
3968 2778.70
3969 2778.70
3970 2778.70
3971 2778.70
3972 2778.70
3973 2778.70
3974 2778.70
3975 2778.70
3976 2778.70
3977 2778.70
3978 2778.70
3979 2778.70
3980 2778.70
3981 2778.70
3982 2778.70
3983 2778.70
3984 2778.70
3985 2778.70
3986 2778.70
3987 2778.70
3988 2778.70
3989 2778.70
3990 2778.70
3991 2778.70
3992 2778.70
3993 2778.70
3994 2778.70
3995 2778.70
3996 2778.70
3997 2778.70
3998 2778.70
3999 2778.70
4000 2778.70
4001 2778.70
4002 2778.70
4003 2778.70
4004 2778.70
4005 2778.70
4006 2778.70
4007 2778.70
4008 2778.70
4009 2778.70
4010 2778.70
4011 2778.70
4012 2778.70
4013 2778.70
4014 2778.70
4015 2778.70
4016 2778.70
4017 2778.70
4018 2778.70
4019 2778.70
4020 2778.70
4021 2778.70
4022 2778.70
4023 2778.70
4024 2778.70
4025 2778.70
4026 2778.70
4027 2778.70
4028 2778.70
4029 2778.70
4030 2778.70
4031 2778.70
4032 2778.70
4033 2778.70
4034 2778.70
4035 2778.70
4036 2778.70
4037 2778.70
4038 2778.70
4039 2778.70
4040 2778.70
4041 2778.70
4042 2778.70
4043 2778.70
4044 2778.70
4045 2778.70
4046 2778.70
4047 2778.70
4048 2778.70
4049 2778.70
4050 2778.70
4051 2778.70
4052 2778.70
4053 2778.70
4054 2778.70
4055 2778.70
4056 2778.70
4057 2778.70
4058 2778.70
4059 2778.70
4060 2778.70
4061 2778.70
4062 2778.70
4063 2778.70
4064 2778.70
4065 2778.70
4066 2778.70
4067 2778.70
4068 2778.70
4069 2778.70
4070 2778.70
4071 2778.70
4072 2778.70
4073 2778.70
4074 2778.70
4075 2778.70
4076 2778.70
4077 2778.70
4078 2778.70
4079 2778.70
4080 2778.70
4081 2778.70
4082 2778.70
4083 2778.70
4084 2778.70
4085 2778.70
4086 2778.70
4087 2778.70
4088 2778.70
4089 2778.70
4090 2778.70
4091 2778.70
4092 2778.70
4093 2778.70
4094 2778.70
4095 2778.70
4096 2778.70
4097 2778.70
4098 2778.70
4099 2778.70
4100 2778.70
4101 2778.70
4102 2778.70
4103 2778.70
4104 2778.70
4105 2778.70
4106 2778.70
4107 2778.70
4108 2778.70
4109 2778.70
4110 2778.70
4111 2778.70
4112 2778.70
4113 2778.70
4114 2778.70
4115 2778.70
4116 2778.70
4117 2778.70
4118 2778.70
4119 2778.70
4120 2778.70
4121 2778.70
4122 2778.70
4123 2778.70
4124 2778.70
4125 2778.70
4126 2778.70
4127 2833.19
4128 2833.19
4129 2833.19
4130 2833.19
4131 2833.19
4132 2833.19
4133 2833.19
4134 2833.19
4135 2833.19
4136 2833.19
4137 2833.19
4138 2833.19
4139 2833.19
4140 2833.19
4141 2833.19
4142 2833.19
4143 2833.19
4144 2833.19
4145 2833.19
4146 2833.19
4147 2833.19
4148 2833.19
4149 2833.19
4150 2833.19
4151 2833.19
4152 2833.19
4153 2833.19
4154 2833.19
4155 2833.19
4156 2833.19
4157 2833.19
4158 2833.19
4159 2833.19
4160 2833.19
4161 2833.19
4162 2833.19
4163 2833.19
4164 2833.19
4165 2833.19
4166 2833.19
4167 2833.19
4168 2833.19
4169 2833.19
4170 2833.19
4171 2833.19
4172 2833.19
4173 2833.19
4174 2833.19
4175 2833.19
4176 2833.19
4177 2833.19
4178 2833.19
4179 2833.19
4180 2833.19
4181 2833.19
4182 2833.19
4183 2833.19
4184 2833.19
4185 2833.19
4186 2833.19
4187 2833.19
4188 2833.19
4189 2833.19
4190 2833.19
4191 2833.19
4192 2833.19
4193 2833.19
4194 2833.19
4195 2833.19
4196 2833.19
4197 2833.19
4198 2833.19
4199 2833.19
4200 2833.19
4201 2833.19
4202 2833.19
4203 2833.19
4204 2833.19
4205 2833.19
4206 2833.19
4207 2833.19
4208 2833.19
4209 2833.19
4210 2833.19
4211 2833.19
4212 2833.19
4213 2833.19
4214 2833.19
4215 2833.19
4216 2833.19
4217 2833.19
4218 2833.19
4219 2833.19
4220 2833.19
4221 2833.19
4222 2833.19
4223 2833.19
4224 2833.19
4225 2833.19
4226 2833.19
4227 2833.19
4228 2833.19
4229 2833.19
4230 2833.19
4231 2833.19
4232 2833.19
4233 2833.19
4234 2886.18
4235 2886.18
4236 2886.18
4237 2886.18
4238 2886.18
4239 2886.18
4240 2886.18
4241 2886.18
4242 2886.18
4243 2886.18
4244 2886.18
4245 2886.18
4246 2886.18
4247 2886.18
4248 2886.18
4249 2886.18
4250 2886.18
4251 2886.18
4252 2886.18
4253 2886.18
4254 2886.18
4255 2886.18
4256 2886.18
4257 2886.18
4258 2886.18
4259 2886.18
4260 2886.18
4261 2886.18
4262 2886.18
4263 2886.18
4264 2886.18
4265 2886.18
4266 2886.18
4267 2886.18
4268 2886.18
4269 2886.18
4270 2886.18
4271 2886.18
4272 2886.18
4273 2886.18
4274 2886.18
4275 2886.18
4276 2886.18
4277 2886.18
4278 2886.18
4279 2886.18
4280 2886.18
4281 2886.18
4282 2886.18
4283 2886.18
4284 2886.18
4285 2886.18
4286 2886.18
4287 2886.18
4288 2886.18
4289 2886.18
4290 2886.18
4291 2886.18
4292 2886.18
4293 2886.18
4294 2886.18
4295 2886.18
4296 2886.18
4297 2886.18
4298 2886.18
4299 2886.18
4300 2886.18
4301 2886.18
4302 2886.18
4303 2886.18
4304 2886.18
4305 2886.18
4306 2886.18
4307 2886.18
4308 2886.18
4309 2886.18
4310 2886.18
4311 2886.18
4312 2886.18
4313 2886.18
4314 2886.18
4315 2886.18
4316 2886.18
4317 2886.18
4318 2886.18
4319 2886.18
4320 2886.18
4321 2886.18
4322 2886.18
4323 2886.18
4324 2886.18
4325 2886.18
4326 2886.18
4327 2886.18
4328 2886.18
4329 2886.18
4330 2886.18
4331 2886.18
4332 2886.18
4333 2886.18
4334 2886.18
4335 2886.18
4336 2886.18
4337 2886.18
4338 2886.18
4339 2886.18
4340 2886.18
4341 2886.18
4342 2886.18
4343 2886.18
4344 2886.18
4345 2886.18
4346 2886.18
4347 2886.18
4348 2886.18
4349 2886.18
4350 2886.18
4351 2886.18
4352 2886.18
4353 2886.18
4354 2886.18
4355 2886.18
4356 2886.18
4357 2886.18
4358 2886.18
4359 2886.18
4360 2886.18
4361 2886.18
4362 2886.18
4363 2886.18
4364 2886.18
4365 2886.18
4366 2886.18
4367 2886.18
4368 2886.18
4369 2886.18
4370 2886.18
4371 2886.18
4372 2886.18
4373 2886.18
4374 2886.18
4375 2886.18
4376 2886.18
4377 2886.18
4378 2886.18
4379 2886.18
4380 2886.18
4381 2886.18
4382 2886.18
4383 2886.18
4384 2886.18
4385 2886.18
4386 2886.18
4387 2886.18
4388 2886.18
4389 2886.18
4390 2886.18
4391 2886.18
4392 2886.18
4393 2886.18
4394 2886.18
4395 2886.18
4396 2886.18
4397 2886.18
4398 2886.18
4399 2886.18
4400 2886.18
4401 2886.18
4402 2886.18
4403 2886.18
4404 2886.18
4405 2886.18
4406 2886.18
4407 2886.18
4408 2886.18
4409 2886.18
4410 2886.18
4411 2886.18
4412 2886.18
4413 2886.18
4414 2886.18
4415 2886.18
4416 2886.18
4417 2886.18
4418 2886.18
4419 2886.18
4420 2886.18
4421 2886.18
4422 2886.18
4423 2886.18
4424 2886.18
4425 2886.18
4426 2886.18
4427 2886.18
4428 2886.18
4429 2886.18
4430 2886.18
4431 2886.18
4432 2886.18
4433 2886.18
4434 2886.18
4435 2886.18
4436 2886.18
4437 2886.18
4438 2886.18
4439 2886.18
4440 2886.18
4441 2886.18
4442 2886.18
4443 2886.18
4444 2886.18
4445 2886.18
4446 2886.18
4447 2886.18
4448 2886.18
4449 2886.18
4450 2886.18
4451 2886.18
4452 2886.18
4453 2886.18
4454 2886.18
4455 2886.18
4456 2886.18
4457 2886.18
4458 2886.18
4459 2886.18
4460 2886.18
4461 2886.18
4462 2886.18
4463 2886.18
4464 2886.18
4465 2886.18
4466 2886.18
4467 2886.18
4468 2886.18
4469 2886.18
4470 2886.18
4471 2886.18
4472 2886.18
4473 2886.18
4474 2886.18
4475 2886.18
4476 2886.18
4477 2886.18
4478 2886.18
4479 2886.18
4480 2886.18
4481 2886.18
4482 2886.18
4483 2886.18
4484 2886.18
4485 2886.18
4486 2886.18
4487 2886.18
4488 2886.18
4489 2886.18
4490 2886.18
4491 2886.18
4492 2886.18
4493 2886.18
4494 2886.18
4495 2886.18
4496 2886.18
4497 2886.18
4498 2886.18
4499 2886.18
4500 2886.18
4501 2886.18
4502 2886.18
4503 2886.18
4504 2886.18
4505 2886.18
4506 2886.18
4507 2886.18
4508 2886.18
4509 2886.18
4510 2886.18
4511 2886.18
4512 2886.18
4513 2886.18
4514 2886.18
4515 2886.18
4516 2886.18
4517 2886.18
4518 2886.18
4519 2886.18
4520 2886.18
4521 2886.18
4522 2886.18
4523 2886.18
4524 2886.18
4525 2886.18
4526 2886.18
4527 2886.18
4528 2886.18
4529 2886.18
4530 2886.18
4531 2886.18
4532 2886.18
4533 2886.18
4534 2886.18
4535 2886.18
4536 2886.18
4537 2886.18
4538 2886.18
4539 2886.18
4540 2886.18
4541 2886.18
4542 2886.18
4543 2886.18
4544 2886.18
4545 2886.18
4546 2886.18
4547 2886.18
4548 2886.18
4549 2886.18
4550 2886.18
4551 2886.18
4552 2886.18
4553 2886.18
4554 2886.18
4555 2886.18
4556 2886.18
4557 2886.18
4558 2886.18
4559 2886.18
4560 2886.18
4561 2886.18
4562 2886.18
4563 2886.18
4564 2886.18
4565 2886.18
4566 2886.18
4567 2886.18
4568 2886.18
4569 2886.18
4570 2886.18
4571 2886.18
4572 2886.18
4573 2886.18
4574 2886.18
4575 2886.18
4576 2886.18
4577 2886.18
4578 2886.18
4579 2886.18
4580 2886.18
4581 2886.18
4582 2886.18
4583 2886.18
4584 2886.18
4585 2886.18
4586 2886.18
4587 2886.18
4588 2886.18
4589 2886.18
4590 2886.18
4591 2886.18
4592 2886.18
4593 2886.18
4594 2886.18
4595 2886.18
4596 2886.18
4597 2886.18
4598 2886.18
4599 2886.18
4600 2886.18
4601 2886.18
4602 2886.18
4603 2886.18
4604 2886.18
4605 2886.18
4606 2886.18
4607 2886.18
4608 2886.18
4609 2886.18
4610 2886.18
4611 2886.18
4612 2886.18
4613 2886.18
4614 2886.18
4615 2886.18
4616 2886.18
4617 2886.18
4618 2886.18
4619 2886.18
4620 2886.18
4621 2886.18
4622 2886.18
4623 2886.18
4624 2886.18
4625 2886.18
4626 2886.18
4627 2886.18
4628 2886.18
4629 2886.18
4630 2886.18
4631 2886.18
4632 2886.18
4633 2886.18
4634 2886.18
4635 2886.18
4636 2886.18
4637 2886.18
4638 2886.18
4639 2886.18
4640 2886.18
4641 2886.18
4642 2886.18
4643 2886.18
4644 2886.18
4645 2886.18
4646 2886.18
4647 2886.18
4648 2886.18
4649 2886.18
4650 2886.18
4651 2886.18
4652 2886.18
4653 2886.18
4654 2886.18
4655 2886.18
4656 2886.18
4657 2886.18
4658 2886.18
4659 2886.18
4660 2886.18
4661 2886.18
4662 2886.18
4663 2886.18
4664 2886.18
4665 2886.18
4666 2886.18
4667 2886.18
4668 2886.18
4669 2886.18
4670 2886.18
4671 2886.18
4672 2886.18
4673 2886.18
4674 2886.18
4675 2886.18
4676 2886.18
4677 2886.18
4678 2886.18
4679 2886.18
4680 2886.18
4681 2886.18
4682 2886.18
4683 2886.18
4684 2886.18
4685 2886.18
4686 2886.18
4687 2886.18
4688 2886.18
4689 2886.18
4690 2886.18
4691 2886.18
4692 2886.18
4693 2886.18
4694 2886.18
4695 2886.18
4696 2886.18
4697 2886.18
4698 2886.18
4699 2886.18
4700 2886.18
4701 2886.18
4702 2886.18
4703 2886.18
4704 2886.18
4705 2886.18
4706 2886.18
4707 2886.18
4708 2886.18
4709 2886.18
4710 2886.18
4711 2886.18
4712 2886.18
4713 2886.18
4714 2886.18
4715 2886.18
4716 2886.18
4717 2886.18
4718 2886.18
4719 2886.18
4720 2886.18
4721 2886.18
4722 2886.18
4723 2886.18
4724 2886.18
4725 2886.18
4726 2886.18
4727 2886.18
4728 2886.18
4729 2886.18
4730 2886.18
4731 2886.18
4732 2886.18
4733 2886.18
4734 2886.18
4735 2886.18
4736 2886.18
4737 2886.18
4738 2886.18
4739 2886.18
4740 2886.18
4741 2886.18
4742 2886.18
4743 2886.18
4744 2886.18
4745 2886.18
4746 2886.18
4747 2886.18
4748 2886.18
4749 2886.18
4750 2886.18
4751 2886.18
4752 2886.18
4753 2886.18
4754 2886.18
4755 2886.18
4756 2886.18
4757 2886.18
4758 2886.18
4759 2886.18
4760 2886.18
4761 2886.18
4762 2886.18
4763 2886.18
4764 2886.18
4765 2886.18
4766 2886.18
4767 2886.18
4768 2886.18
4769 2886.18
4770 2886.18
4771 2886.18
4772 2886.18
4773 2886.18
4774 2886.18
4775 2886.18
4776 2886.18
4777 2886.18
4778 2886.18
4779 2886.18
4780 2886.18
4781 2886.18
4782 2886.18
4783 2886.18
4784 2886.18
4785 2886.18
4786 2886.18
4787 2886.18
4788 2886.18
4789 2886.18
4790 2886.18
4791 2886.18
4792 2886.18
4793 2886.18
4794 2886.18
4795 2886.18
4796 2886.18
4797 2886.18
4798 2886.18
4799 2886.18
4800 2886.18
4801 2886.18
4802 2886.18
4803 2886.18
4804 2886.18
4805 2886.18
4806 2886.18
4807 2886.18
4808 2886.18
4809 2886.18
4810 2886.18
4811 2886.18
4812 2886.18
4813 2886.18
4814 2886.18
4815 2886.18
4816 2886.18
4817 2886.18
4818 2886.18
4819 2886.18
4820 2886.18
4821 2886.18
4822 2886.18
4823 2886.18
4824 2886.18
4825 2886.18
4826 2886.18
4827 2886.18
4828 2886.18
4829 2886.18
4830 2886.18
4831 2886.18
4832 2886.18
4833 2886.18
4834 2886.18
4835 2886.18
4836 2886.18
4837 2886.18
4838 2886.18
4839 2886.18
4840 2886.18
4841 2886.18
4842 2886.18
4843 2886.18
4844 2886.18
4845 2886.18
4846 2886.18
4847 2886.18
4848 2886.18
4849 2886.18
4850 2886.18
4851 2886.18
4852 2886.18
4853 2886.18
4854 2886.18
4855 2886.18
4856 2886.18
4857 2886.18
4858 2886.18
4859 2886.18
4860 2886.18
4861 2886.18
4862 2886.18
4863 2886.18
4864 2886.18
4865 2886.18
4866 2886.18
4867 2886.18
4868 2886.18
4869 2886.18
4870 2886.18
4871 2886.18
4872 2886.18
4873 2886.18
4874 2886.18
4875 2886.18
4876 2886.18
4877 2886.18
4878 2886.18
4879 2886.18
4880 2886.18
4881 2886.18
4882 2886.18
4883 2886.18
4884 2886.18
4885 2886.18
4886 2886.18
4887 2886.18
4888 2886.18
4889 2886.18
4890 2886.18
4891 2886.18
4892 2886.18
4893 2886.18
4894 2886.18
4895 2886.18
4896 2886.18
4897 2886.18
4898 2886.18
4899 2886.18
4900 2886.18
4901 2886.18
4902 2886.18
4903 2886.18
4904 2886.18
4905 2886.18
4906 2886.18
4907 2886.18
4908 2886.18
4909 2886.18
4910 2886.18
4911 2886.18
4912 2886.18
4913 2886.18
4914 2886.18
4915 2886.18
4916 2886.18
4917 2886.18
4918 2886.18
4919 2886.18
4920 2886.18
4921 2886.18
4922 2886.18
4923 2886.18
4924 2886.18
4925 2886.18
4926 2886.18
4927 2886.18
4928 2886.18
4929 2886.18
4930 2886.18
4931 2886.18
4932 2886.18
4933 2886.18
4934 2886.18
4935 2886.18
4936 2886.18
4937 2886.18
4938 2886.18
4939 2886.18
4940 2886.18
4941 2886.18
4942 2886.18
4943 2886.18
4944 2886.18
4945 2886.18
4946 2886.18
4947 2886.18
4948 2886.18
4949 2886.18
4950 2886.18
4951 2886.18
4952 2886.18
4953 2886.18
4954 2886.18
4955 2886.18
4956 2886.18
4957 2886.18
4958 2886.18
4959 2886.18
4960 2886.18
4961 2886.18
4962 2886.18
4963 2886.18
4964 2886.18
4965 2886.18
4966 2886.18
4967 2886.18
4968 2886.18
4969 2886.18
4970 2886.18
4971 2886.18
4972 2886.18
4973 2886.18
4974 2886.18
4975 2886.18
4976 2886.18
4977 2886.18
4978 2886.18
4979 2886.18
4980 2886.18
4981 2886.18
4982 2886.18
4983 2886.18
4984 2886.18
4985 2886.18
4986 2886.18
4987 2886.18
4988 2886.18
4989 2886.18
4990 2886.18
4991 2886.18
4992 2886.18
4993 2886.18
4994 2886.18
4995 2886.18
4996 2886.18
4997 2886.18
4998 2886.18
4999 2886.18
5000 2886.18
5001 2886.18
